"logFC"	"logCPM"	"F"	"PValue"	"FDR"	"gene"
2.1041930784616	5.42083220904665	89.4900182457471	9.09210933264237e-06	0.0314540900306671	"PB.16163"
1.88158678250822	4.91228202218502	85.4247882718583	1.08855420214287e-05	0.0314540900306671	"PB.11890"
2.04769080792186	3.99860236164615	82.7612330347946	1.23014159564592e-05	0.0314540900306671	"PB.8242"
2.27923684283541	3.74084010055635	82.7545693042271	1.23052352017862e-05	0.0314540900306671	"PB.3791"
2.19703226436939	4.01531282358124	79.3295565616045	1.44788489733756e-05	0.0314540900306671	"PB.22386"
2.12138432209033	4.30330817260233	73.5444695624321	1.93481616152663e-05	0.0314540900306671	"PB.18006"
2.02353186831188	7.42385321792054	73.3697124496267	1.9524574817298e-05	0.0314540900306671	"PB.2313"
2.11900112541907	5.11093755412471	69.1699009017785	2.44325524015238e-05	0.0335082129851756	"PB.14007"
1.89790407536721	4.1777418929258	64.9969351060536	3.09151129514522e-05	0.0335082129851756	"PB.23792"
1.48651692156362	4.4933623768104	64.0325289367216	3.27060151357881e-05	0.0335082129851756	"PB.11107"
1.8417838411711	4.19588533604224	62.1295089357324	3.66328337253176e-05	0.0335082129851756	"PB.12814"
1.51078595007264	4.684762723429	60.9178606430536	3.94393959514024e-05	0.0335082129851756	"PB.23057"
1.4622396632293	4.60364984479188	60.4949270413986	4.04813400638595e-05	0.0335082129851756	"PB.10619"
1.66707678215451	4.2600139143856	59.2957213712992	4.36267473966953e-05	0.0335082129851756	"PB.10343"
1.66880174327372	3.92364659032016	58.0242757985421	4.72990763446749e-05	0.0335082129851756	"PB.15572"
1.72061456340355	4.14467755153629	56.9502388703285	5.07035316891625e-05	0.0335082129851756	"PB.16249"
1.45005877381028	5.8332802426823	55.5755635926524	5.55157920491745e-05	0.0335082129851756	"PB.17234"
1.9431485942998	3.32966053030881	55.1510578498652	5.7115048922546e-05	0.0335082129851756	"PB.8811"
1.59283464899826	4.72017191922227	54.6998509908979	5.88779191206845e-05	0.0335082129851756	"PB.27228"
1.9210932759369	3.83096990694733	54.5625876442096	5.94275303452613e-05	0.0335082129851756	"PB.7848"
1.67380253616357	3.93541826124477	53.3173245625188	6.47156485680119e-05	0.0344385477258098	"PB.12664"
1.20965685283721	6.90257518919614	52.7781873549687	6.71852487335121e-05	0.0344385477258098	"PB.24138"
1.35647867195284	5.46813209802359	52.1166308979068	7.03771915320098e-05	0.0345062429959337	"PB.13733"
1.96283897374618	4.94248740308688	51.0901252096821	7.57108333835875e-05	0.0351604792865796	"PB.4491"
2.62731316026487	2.59718196931896	49.8354634569878	8.29278980425022e-05	0.0351604792865796	"PB.4457"
1.40264967503153	4.92296787599369	47.915467285262	9.57024301027555e-05	0.0351604792865796	"PB.11497"
1.33604247888699	6.37326356623285	47.69208700167	9.73423947963322e-05	0.0351604792865796	"PB.9700"
1.60290578952971	3.10946747246425	47.0372909679431	0.00010235428299855	0.0351604792865796	"PB.14449"
1.96205166816543	4.28664074624146	46.295516094197	0.000108424026470542	0.0351604792865796	"PB.18696"
1.58011966972633	3.43179679511818	46.2867138044916	0.00010849869068183	0.0351604792865796	"PB.6261"
1.46746405270534	4.99166912712241	46.2809522043421	0.000108547597139197	0.0351604792865796	"PB.15440"
1.55899613535008	7.17301214256767	46.2264972968404	0.000109011180125549	0.0351604792865796	"PB.25358"
2.85794917534821	1.53607807556632	46.2077194344121	0.000109171607195601	0.0351604792865796	"PB.12094"
1.7631338672587	4.12521809571946	46.1794748307465	0.000109413463527769	0.0351604792865796	"PB.24123"
3.05158491090971	1.63434036313437	45.9985060689924	0.000110978930266136	0.0351604792865796	"PB.15080"
3.20121491486652	1.05954246987903	45.7968897873545	0.000112755808074014	0.0351604792865796	"PB.3934"
1.8520696297886	4.17276065549608	45.2633978193029	0.000117630387536315	0.0351604792865796	"PB.7985"
1.40660155768697	5.88144631818514	45.0592322801341	0.000119564721408486	0.0351604792865796	"PB.16946"
2.30432003668884	2.7476840017669	44.7130920620601	0.000122935032896753	0.0351604792865796	"PB.3426"
1.91731748564328	4.30028736475805	44.5349207906135	0.000124715719736028	0.0351604792865796	"PB.4108"
1.9291686511486	3.64113280616596	43.1886723182992	0.000139256934487033	0.0364683658767862	"PB.25184"
1.47254968806019	4.77855154998787	43.0225803705295	0.000141193302800165	0.0364683658767862	"PB.15563"
1.58066043359517	3.57423431898429	42.9831179442834	0.000141658264796443	0.0364683658767862	"PB.19294"
2.00303382491783	2.6198480340725	42.9297291979021	0.000142290334182725	0.0364683658767862	"PB.7077"
1.56319011520667	6.12466566898919	41.4876935522294	0.00016076462132849	0.0402876141049196	"PB.10512"
1.42705766235953	5.70412888681792	40.4914473837319	0.000175282637356056	0.0429709195970488	"PB.20190"
1.49217341707445	4.76663353244191	39.4845106903691	0.00019164319735236	0.0449258387797476	"PB.13754"
1.38025815042648	3.84392362629208	39.2533356240829	0.000195662845859276	0.0449258387797476	"PB.15818"
1.23329093247123	4.64487688634742	39.2087207579551	0.000196450584953901	0.0449258387797476	"PB.4418"
1.7082562481564	4.80217986109549	38.8698553234848	0.000202563766636253	0.0449258387797476	"PB.14133"
1.1564268904675	5.33508796181084	38.8366071775322	0.00020317617963706	0.0449258387797476	"PB.5007"
1.30455015976909	5.47563019406268	38.0094695662273	0.000219177343022153	0.046652042885144	"PB.17664"
4.05387387093684	0.606652357791022	38.0055534882871	0.000219256741412843	0.046652042885144	"PB.14699"
1.52172661427816	2.60110275481488	37.6274607707674	0.000227093229354074	0.0466520851220938	"PB.17009"
1.56183382598875	4.14701748450231	37.6068273727897	0.000227530786708802	0.0466520851220938	"PB.23125"
1.40825782227304	6.35181878212194	37.2267270595019	0.000235781303829875	0.0470521793337454	"PB.10419"
1.97865379861789	2.28255947176863	36.8622920299313	0.000244042499870935	0.0470521793337454	"PB.14319"
1.78820903885387	5.85422073032528	36.8288565438299	0.000244818257046015	0.0470521793337454	"PB.9344"
1.60322967781823	4.17551004331028	36.7708343409342	0.000246171728357806	0.0470521793337454	"PB.25822"
-1.74599518571587	2.24821404457265	36.2885240445908	0.000257788932257017	0.0480187385089675	"PB.10363"
1.98365577381227	2.75536632292965	35.9849677607653	0.000265449667573245	0.0480187385089675	"PB.16979"
1.41615830212039	4.0137871657105	35.7527238784525	0.000271501805565775	0.0480187385089675	"PB.24502"
1.34630982201077	4.51938566503666	35.7280562601354	0.00027215462388574	0.0480187385089675	"PB.235"
2.88172950616694	1.40244647650735	35.4682065563289	0.000279150964569584	0.0480187385089675	"PB.956"
-2.67865367814491	3.62076927066532	35.4233392298871	0.000280381454391391	0.0480187385089675	"PB.12387"
1.70045372076024	3.15411685775959	35.3995918337833	0.000281035447511914	0.0480187385089675	"PB.11626"
1.35730861004717	4.60064213111782	35.1603161848372	0.000287731594651269	0.04842909243108	"PB.2834"
1.51697622595225	3.71184798199099	34.696078071025	0.000301296529732071	0.0499664847910083	"PB.7638"
1.15493437132827	5.23208918492199	34.4415824526657	0.000309069254590015	0.0505095989550649	"PB.21599"
1.3319071293463	4.52675768025911	34.2990982850158	0.000313529478305803	0.0505095989550649	"PB.5154"
2.52555082139418	2.41482006273257	33.9892846540326	0.000323506091085995	0.0513827913968558	"PB.173"
2.48820654192554	1.82544487915513	33.7691477664795	0.000330834640881799	0.0514518572634373	"PB.3668"
1.84355553753787	2.97175734122177	33.7033177764955	0.000333066026445945	0.0514518572634373	"PB.23923"
1.94992678840464	3.84567134160008	32.106355717047	0.000393391722019775	0.0580592475348109	"PB.11860"
1.36141765831442	5.76637743111521	32.060017963951	0.000395336072849814	0.0580592475348109	"PB.8764"
-0.868936625156375	7.80825162817345	32.0373892706505	0.000396289908017122	0.0580592475348109	"PB.11631"
2.50503309466291	1.27988432576666	32.0340173996762	0.000396432281652173	0.0580592475348109	"PB.17164"
-1.0831360639352	6.26028656353346	31.9130931991534	0.00040158032346504	0.0580592475348109	"PB.6875"
1.66521165749054	2.86004105216831	31.5736246546803	0.00041648147981885	0.0594514132647744	"PB.11155"
1.40073188893999	4.33342552345537	31.3906251805206	0.000424798630185862	0.0594896733221869	"PB.5308"
-0.918928658466089	6.04824853768417	31.3364521948892	0.000427300127613473	0.0594896733221869	"PB.16843"
1.10990554452919	5.61552268663712	31.0252690304754	0.000442028269042078	0.0607896681705794	"PB.23335"
2.07510656093561	2.92489559410245	30.7197961284059	0.000457102723079476	0.0619496900238222	"PB.26751"
-1.50918435334006	3.79131812014932	30.6340096928341	0.00046145020501916	0.0619496900238222	"PB.12347"
3.57241358673913	1.17573851345457	30.1363620735821	0.000487706040809995	0.0644005266896982	"PB.27347"
-0.922171319353977	6.49657944050555	30.073960458555	0.00049112754237067	0.0644005266896982	"PB.15273"
1.47674561254265	3.61235222554321	29.5355303919175	0.000521920662847299	0.0676517162635516	"PB.24122"
1.17228055917344	3.54436765884718	29.1372716897753	0.000546247132013236	0.0700003284967417	"PB.585"
1.16790041848357	4.53146342984275	28.978527030984	0.00055633414908421	0.0704919123508161	"PB.21766"
-2.92534923956845	0.26132766451768	28.8191438382338	0.000566694960353776	0.0710068785323281	"PB.12166"
1.32219362221714	4.4000791763668	28.4169622339283	0.000593921695702587	0.0731767824121689	"PB.11660"
-1.18150774890573	4.70219852499901	28.3730640253191	0.000596990687409731	0.0731767824121689	"PB.13291"
1.36664007001287	5.0484664494362	27.8981231201033	0.000631484607445168	0.0765726012705286	"PB.24391"
-1.58823789370409	5.5485664662581	27.6475345633202	0.00065068000099516	0.0776232682126178	"PB.24648"
1.24105454386225	7.24892283333729	27.5824826037536	0.000655780824849228	0.0776232682126178	"PB.12500"
-0.936367859002032	5.91137345633195	27.460631514547	0.000665469389354579	0.0776232682126178	"PB.17626"
-0.980252853714009	4.54635540872221	27.3946783136275	0.000670787427227652	0.0776232682126178	"PB.66"
1.46436746964127	5.4966716284654	27.2634083462723	0.00068152982078505	0.0776232682126178	"PB.15597"
0.925836573985306	5.22296839695316	27.1924199089383	0.000687427947526169	0.0776232682126178	"PB.20180"
2.74967744911505	0.373816506434897	27.1815984005434	0.000688332608075001	0.0776232682126178	"PB.10803"
1.084654754155	6.03976028434034	26.9471427804697	0.000708299985987398	0.0790841479403949	"PB.17597"
1.91890431414659	3.62834824667057	26.7066491793397	0.0007295328096659	0.0806562891627682	"PB.25369"
1.10757833056366	5.89711390528626	26.622332764411	0.000737163283161206	0.0807086441185332	"PB.17771"
0.918330440067808	5.06357894043383	26.2223025767427	0.000774742932671068	0.0835774526161702	"PB.387"
1.92067518261889	2.09148819269797	26.1868312825252	0.00077818857184516	0.0835774526161702	"PB.19653"
1.18843111057451	3.50565015254996	25.8828207429028	0.000808512655167235	0.0860150680407633	"PB.16347"
-2.84402040271856	3.83809481002232	25.5997607591628	0.00083807414613287	0.0866305146530459	"PB.1339"
3.74548414394816	2.9252397065706	25.5873430971319	0.000839401405705563	0.0866305146530459	"PB.19521"
2.41891658640305	0.935873996839835	25.546683386834	0.000843765581170691	0.0866305146530459	"PB.5455"
-1.38513438320689	4.14402651004386	25.5349902370794	0.000845025858990427	0.0866305146530459	"PB.22520"
2.43071179459615	1.09307147598439	25.2482788481904	0.000876670388648429	0.0885955815769064	"PB.731"
-0.755315402061117	7.13316902106336	25.2196831234221	0.000879906458864371	0.0885955815769064	"PB.7313"
1.1346956171079	3.52152009124766	25.0950084097635	0.000894189633142888	0.0887763763061108	"PB.11857"
1.43729905958221	2.88036198439034	25.0669231979194	0.00089744674105672	0.0887763763061108	"PB.26743"
1.03237297430473	5.90340224498428	24.8614553497024	0.000921728154179329	0.0896874019920977	"PB.16488"
-3.75014668620445	1.77264469799807	24.8545137388848	0.000922562616926783	0.0896874019920977	"PB.4493"
1.16745199696229	5.21314941326893	24.3846308324702	0.000981291991712299	0.0945814512011932	"PB.16748"
3.99276843746062	0.142353527207086	24.1649969528223	0.00101033054063134	0.0965550636160982	"PB.6445"
-1.30996330726558	5.84684549574691	23.9788539714936	0.0010357791330132	0.0981553048990741	"PB.26385"
2.17958966968695	2.53137190003693	23.828515838688	0.00105691480063067	0.0985536071415267	"PB.3826"
1.23937214624701	4.3251283702744	23.810053870888	0.0010595470369622	0.0985536071415267	"PB.15598"
1.07399826328523	4.24874339129243	23.7099248889636	0.00107396545296883	0.0985536071415267	"PB.22268"
1.55422458563055	3.73706878098519	23.6774488181544	0.00107869412683913	0.0985536071415267	"PB.4452"
2.81436627111268	1.32595558098429	23.6434042076879	0.00108367892928521	0.0985536071415267	"PB.12813"
1.13693354037033	4.31231418111222	23.3813077189255	0.0011230270480414	0.101315008166103	"PB.1038"
0.802649784378671	6.43846503257697	22.7699194468494	0.00122192824397533	0.109362577835792	"PB.12471"
-2.40495873100148	1.745351163483	22.6130258376591	0.00124903040186971	0.110102993256342	"PB.20241"
-1.41584500646891	2.29885448547499	22.6090430680459	0.00124972804263649	0.110102993256342	"PB.11581"
1.34364752092728	4.25988041386923	22.5375636243871	0.00126233125597939	0.110351237005268	"PB.27165"
1.3217946066407	5.189086135391	22.3279118918399	0.00130021687521584	0.11117393915979	"PB.23242"
1.10079003985316	6.20864154304257	22.3238629746277	0.00130096232003608	0.11117393915979	"PB.6434"
1.54410680649242	3.19491367801472	22.3219335965771	0.00130131772360488	0.11117393915979	"PB.22166"
-0.806459384986993	4.48854358857446	22.0935281660631	0.00134425579452248	0.113978741314512	"PB.11708"
1.01294235160519	4.05723890690226	21.9810338107569	0.00136604911857323	0.114962208284704	"PB.25897"
-1.24629932777743	5.92492975730823	21.9165186893951	0.00137874527066975	0.115171188276613	"PB.5914"
-1.61145201836871	1.89533123684968	21.6314897598454	0.00143662001532824	0.119011693423589	"PB.14385"
0.861505216182347	5.72241950122529	21.5874546299379	0.00144582796834545	0.119011693423589	"PB.20818"
-2.01339048731342	1.91560029128782	21.4590997153916	0.00147308831533491	0.120376934290085	"PB.21106"
1.28226917346318	3.57055890613825	21.3444305326163	0.00149798299094734	0.121162470327488	"PB.12515"
3.7151462877449	1.88893940364671	21.316209587014	0.00150418957576025	0.121162470327488	"PB.6269"
0.911177485979588	5.80683433275881	21.1492637687744	0.00154156525398765	0.122416702374694	"PB.6570"
-1.38651609176637	3.19329693176029	21.098800938934	0.00155308891273491	0.122416702374694	"PB.23099"
2.29857797188673	0.734125225443736	21.0928812787269	0.00155444771288838	0.122416702374694	"PB.1231"
-2.44890741405547	0.30546934041405	21.0549819601056	0.00156318215322834	0.122416702374694	"PB.13554"
-1.87437605191983	1.13285129963573	20.6806026738433	0.00165282016492899	0.128543813792443	"PB.26054"
1.2474236905706	3.39225238858065	20.5829931640822	0.00167723125759019	0.129548882820853	"PB.15624"
1.32312354370341	4.9434183474128	20.4502342174811	0.00171115494593777	0.131184847124553	"PB.16705"
-2.79755763945712	3.46046263713868	20.4097164863922	0.00172167751835007	0.131184847124553	"PB.10624"
2.07143122761419	2.66446218132831	20.257182191873	0.0017620180281816	0.132704728502212	"PB.18695"
-0.672716800910601	5.88602746663818	20.215459307261	0.00177325604316003	0.132704728502212	"PB.13436"
2.32853658041423	0.537746945388417	20.2018986248296	0.00177692772934593	0.132704728502212	"PB.10611"
0.907492921503709	3.88752684066393	20.0345032400261	0.00182303775827258	0.135252610526578	"PB.26432"
2.30299485757203	3.30840125949654	19.9499310416854	0.00184689791085972	0.136127240135719	"PB.10151"
1.03651650410068	4.0452324228699	19.9012411792743	0.00186081042912528	0.136262072787311	"PB.24501"
1.22068133795683	2.88840299597398	19.7856219084382	0.00189437164798367	0.137037924622082	"PB.21770"
0.77899420745252	6.15387533785707	19.7810656604947	0.00189570951858161	0.137037924622082	"PB.15838"
1.29659269182759	3.06946650732472	19.671193936129	0.00192832945610073	0.138508097302216	"PB.24510"
-0.878880043857242	9.19966445261942	19.5728557925403	0.00195811754556636	0.139757541527543	"PB.18933"
2.36263148507862	1.04255380132837	19.5088329788243	0.0019778181098668	0.140275816509232	"PB.13625"
1.12756375236706	5.34432292997684	19.4124410244163	0.00200794508172465	0.140722500427602	"PB.2978"
-1.4586043501601	2.92665080374589	19.3868278657476	0.00201604593767011	0.140722500427602	"PB.9759"
-0.51570944650078	7.2086657667519	19.3531337002779	0.00202676447596952	0.140722500427602	"PB.21002"
-1.72025241910127	6.23512927663543	19.3304165609523	0.00203403099846582	0.140722500427602	"PB.8999"
-0.850469076255673	4.86868681894247	19.2405602721027	0.00206309196918765	0.141862732539812	"PB.19619"
-2.41409658895934	2.51290759656056	19.1487940185926	0.00209330417602282	0.143067825412178	"PB.4278"
-1.77301841694324	3.27166969043533	18.9802774086941	0.00215022808566325	0.145845294906516	"PB.3256"
1.94062061866213	1.73086445244013	18.9412695334862	0.00216367740161449	0.145845294906516	"PB.23313"
1.0380439615159	3.47250147472796	18.9151487273093	0.00217274182356076	0.145845294906516	"PB.23562"
-0.478098054458205	8.88075795106267	18.8743758675955	0.0021869851568459	0.145932731442315	"PB.13897"
1.86753104513805	1.3275963383875	18.7802031997414	0.00222032818931306	0.147286123475784	"PB.20080"
0.734225795871381	4.93324099628057	18.5249281620544	0.00231393672231573	0.152598037529559	"PB.18219"
1.17165056610285	2.86558044428661	18.3952647343303	0.00236335898312692	0.153944775289865	"PB.16764"
0.648507646437165	6.9936621447225	18.3657256457738	0.00237480067327355	0.153944775289865	"PB.24609"
-2.13960427206757	4.96926831612138	18.3644102499258	0.00237531177622032	0.153944775289865	"PB.18090"
-0.78605139541226	6.38138684915046	18.2914250692283	0.00240388563096401	0.154901792072447	"PB.13773"
1.40334968797978	4.19246959907878	18.220714718683	0.00243197675698646	0.154901792072447	"PB.5696"
0.860779639498023	4.93883839192818	18.1896444707628	0.0024444488006591	0.154901792072447	"PB.6627"
-1.70447282296325	3.24144500587686	18.1816452608567	0.00244767263684483	0.154901792072447	"PB.5962"
2.14086300381789	0.505651870376683	18.1542374289699	0.00245875860432455	0.154901792072447	"PB.9801"
1.17632268882066	4.8197529742901	18.0356886497394	0.00250743313931864	0.157090686178313	"PB.10199"
-0.684412680402581	4.98980197562135	17.9091052918801	0.00256073375201552	0.159543616140768	"PB.23720"
1.94319646212052	1.98831178164314	17.79035755134	0.00261201887370497	0.161728924311677	"PB.16520"
-0.626620200184995	6.37256242761925	17.7619143317911	0.00262449172200381	0.161728924311677	"PB.16551"
2.6604965960192	1.25648854802362	17.435139466524	0.00277323113425748	0.169904186200381	"PB.6446"
1.20200690654262	4.54666275476871	17.4053803816323	0.00278729045376169	0.169904186200381	"PB.26694"
-1.41939401766403	4.0253866583164	17.343811705869	0.00281665975702421	0.170350790043847	"PB.16035"
-0.890200191864317	6.92107181913588	17.2561462799652	0.00285914358413741	0.170350790043847	"PB.24803"
0.926751436123346	8.23647750689132	17.2524936461666	0.00286093089752452	0.170350790043847	"PB.10788"
1.16284406365896	5.34784342395313	17.2314689760604	0.00287124573434441	0.170350790043847	"PB.14603"
1.57023128729696	3.32614848196589	17.2190971621263	0.00287733699982283	0.170350790043847	"PB.20077"
1.09948132118353	5.00285303761749	17.1896129083214	0.00289191836460133	0.170350790043847	"PB.13553"
3.11244986872417	4.5553939068585	17.1726291299152	0.00290035928779096	0.170350790043847	"PB.19516"
0.91989627128736	4.53637770716759	17.1088707998284	0.00293232128167563	0.170473294487786	"PB.1547"
-0.753348466945494	7.97005856016316	17.1081624475227	0.00293267882687155	0.170473294487786	"PB.11787"
0.622298730174985	5.62032711087951	17.0682294152298	0.00295292307856185	0.170769813112523	"PB.8620"
-1.2745546698204	3.20037734505424	16.6475835385078	0.0031770799059773	0.182795561733194	"PB.15280"
-1.00675832531814	4.04830776082803	16.4833585475746	0.00327030129954353	0.187203998756103	"PB.24181"
-0.569916912055184	5.51031478804637	16.4314422096685	0.00330047575597021	0.187977096465031	"PB.11185"
1.174552802081	2.84354794169842	16.3941311971354	0.0033223750713642	0.188273485828011	"PB.13467"
1.20206168736565	5.59498304533062	16.2842516728601	0.00338792405222545	0.191028097684732	"PB.11856"
-2.44914198426328	0.474182838116524	16.2070405450498	0.00343494691973403	0.192715902556421	"PB.3445"
-0.445726833278812	8.0728230824373	16.1399808610875	0.00347644651560949	0.193218954695287	"PB.16353"
-0.447672106584746	7.9675284070222	16.1371996559006	0.00347818105907097	0.193218954695287	"PB.15169"
2.533014846495	1.782557922587	15.8722101676617	0.00364849224394273	0.20066658720607	"PB.10915"
0.711644489993984	6.92099464587235	15.8614251697871	0.00365564070991685	0.20066658720607	"PB.26344"
-0.963522130936468	6.01990668576378	15.8463969724983	0.00366563066103134	0.20066658720607	"PB.22939"
-0.664656519909694	4.63114542579657	15.7287985975124	0.00374498604125756	0.20402032650851	"PB.24998"
-0.618085740193667	4.97597873415946	15.6318088101982	0.00381204542351297	0.205036225935435	"PB.2046"
1.40061468753246	3.086635807212	15.628953827554	0.00381404187473091	0.205036225935435	"PB.799"
0.982424490944168	5.50177474245968	15.6230431600709	0.00381817925391872	0.205036225935435	"PB.14505"
-0.713169213696016	5.19442118657874	15.4766149110577	0.00392247965134581	0.209638876911027	"PB.23585"
-0.563683905002488	5.13336212413064	15.4297839171154	0.00395658209988807	0.209887602963925	"PB.23573"
0.968527927670249	3.01408184541106	15.394080825108	0.00398282882056772	0.209887602963925	"PB.23135"
1.03720387364557	3.71481239202467	15.3938902506014	0.00398296949847299	0.209887602963925	"PB.6117"
-0.940654958886687	5.35297096181281	15.1919064366223	0.00413560419299516	0.216542824875335	"PB.17842"
1.58706562825279	0.909410475106285	15.1763382573818	0.00414766783480291	0.216542824875335	"PB.2533"
1.22669380205354	3.66902990925284	15.1466054415731	0.00417082922150675	0.216748576640238	"PB.8395"
1.02820466445309	4.18411372889723	15.0619817553916	0.00423763469435601	0.218225816946213	"PB.11489"
-1.3053314338339	2.94596002357609	15.0615760834332	0.0042379581370241	0.218225816946213	"PB.6129"
0.708747997281106	5.01088039816152	14.9776289212465	0.00430555419975962	0.220698794139496	"PB.18031"
0.558572781816326	6.01636299440837	14.8585113621501	0.00440378522992817	0.224712606506335	"PB.12359"
0.912513703951691	4.5848723042066	14.7255800229559	0.00451671746001426	0.228908130095521	"PB.21134"
-0.743592044654174	3.78844100253571	14.7141395721058	0.00452660397368991	0.228908130095521	"PB.7988"
2.0628090355268	0.944063679863915	14.5874073956977	0.00463794154422955	0.231631044201967	"PB.1026"
0.936662218114675	5.71492839222432	14.5864149478538	0.00463882678031361	0.231631044201967	"PB.10824"
0.995128640152849	4.73421787765857	14.5827816829705	0.0046420693437656	0.231631044201967	"PB.5757"
-1.60802637430996	3.73337070213952	14.5125062852929	0.00470534533000466	0.233754093772963	"PB.16962"
1.96546141447006	1.37859367750569	14.4619883042288	0.00475149471082567	0.235011429184127	"PB.12958"
1.65350464751757	2.81881397575765	14.4112590953761	0.00479840431169333	0.236295220187623	"PB.11196"
1.47684163758444	1.30011465786086	14.3667497685463	0.00484003711747473	0.23730912423375	"PB.27126"
1.23766263465962	2.81477400238289	14.2782679802571	0.00492414203389271	0.239090075902691	"PB.3432"
-0.652160548781201	5.57504517113941	14.2732416099087	0.00492897406658151	0.239090075902691	"PB.5653"
0.880217715140562	6.05380797927262	14.2618311848097	0.00493996521107803	0.239090075902691	"PB.6160"
-0.847642463993807	5.01142983743054	14.2395765227122	0.00496148987941729	0.239105646881149	"PB.23246"
-0.794570713952322	5.21750407436447	14.1471973124188	0.00505209466663467	0.242436049172933	"PB.5432"
0.874578172794897	4.65852886584685	14.12124794724	0.00507791472322345	0.242642560736402	"PB.10283"
-0.579106581617102	6.36572364560453	14.080217908564	0.00511907583668275	0.243577292026461	"PB.12749"
1.23504855085714	2.68624438403269	13.8783437964335	0.00532774202908387	0.252440953201591	"PB.16189"
-0.527624778594139	7.3355351375204	13.7627110368854	0.00545203312358376	0.257249278387674	"PB.1818"
0.849793781113779	4.50838539097225	13.5890960953489	0.00564549387872131	0.264271390739784	"PB.24134"
1.3349739269822	3.1503711588319	13.539401631766	0.00570243355556656	0.264271390739784	"PB.24371"
-1.70004786827036	4.38090722767097	13.5359690486683	0.00570639289245177	0.264271390739784	"PB.9157"
-3.05025540428056	0.355777973422055	13.5322892945915	0.00571064112634454	0.264271390739784	"PB.16513"
-0.771461981879039	3.74817828058019	13.5202582395142	0.00572455830923481	0.264271390739784	"PB.15968"
2.06763841047881	1.53658236624919	13.5056924179012	0.00574146410669921	0.264271390739784	"PB.9809"
-1.05370387531379	3.55879013500457	13.4444574864599	0.0058132189126527	0.266486462105628	"PB.5129"
-0.486387090068932	7.48824841187304	13.3837920042077	0.00588540900860519	0.26870347121474	"PB.26546"
-0.649552196163252	4.66781436649103	13.3198938950082	0.00596265500254156	0.271132501869601	"PB.24707"
-1.0122096259795	3.65310475647764	13.254011727337	0.00604362374680148	0.272525938668009	"PB.7303"
-0.491843146446434	6.87403199820565	13.2248396923619	0.00607991243242374	0.272525938668009	"PB.3852"
0.7566490210946	4.72102611774751	13.2188951587248	0.00608734035799773	0.272525938668009	"PB.5650"
0.575749757010591	5.42174862787457	13.2167967382698	0.00608996510989965	0.272525938668009	"PB.11411"
0.880308583420554	4.82301903622248	13.1818722129493	0.00613385680260499	0.27317773106871	"PB.3391"
-1.1789040986012	3.11724172989363	13.1667537889248	0.0061529789564115	0.27317773106871	"PB.12230"
0.604297349827002	4.87839957708414	13.1190778943359	0.00621376799162303	0.273744059403013	"PB.14566"
1.55204936124326	2.11965445081432	13.1186757830703	0.00621428387045947	0.273744059403013	"PB.15414"
-1.15796889062813	2.63283997007079	13.0805853537205	0.00626339343740507	0.274833804644424	"PB.21884"
0.908314462664523	5.7062428479183	13.030463709367	0.00632875230563457	0.276625347870702	"PB.16655"
1.02238917039501	4.50679328864271	12.9976430526563	0.00637201042433873	0.277440778205668	"PB.1994"
-1.57660638528768	6.46335870663508	12.9602829019756	0.00642170007589994	0.27843763492924	"PB.13817"
1.26259596872549	3.43069712867762	12.9434192350015	0.00644428684193771	0.27843763492924	"PB.4607"
0.872370367877658	4.02889730089472	12.8956831185535	0.00650876116768734	0.279011130936218	"PB.4952"
0.978021770152819	3.35251264775839	12.892106725532	0.00651362381890739	0.279011130936218	"PB.20340"
0.744290350777662	3.62475898878419	12.8787788566259	0.00653178492215673	0.279011130936218	"PB.10306"
-0.536410045496286	6.30176341144953	12.8077210129768	0.00662968121233945	0.279401598897675	"PB.25540"
1.45323581061255	3.18027808223027	12.7964348636538	0.00664539761045496	0.279401598897675	"PB.10271"
0.560630364809513	6.49698283297149	12.7839429225533	0.00666284718200733	0.279401598897675	"PB.4932"
-0.53914028658067	6.93217354775383	12.7675634346953	0.00668581356814199	0.279401598897675	"PB.9286"
0.798151106922699	3.25021526530563	12.7674429143859	0.00668598291941785	0.279401598897675	"PB.19164"
-0.743286472108136	4.61786699797839	12.7648815179347	0.00668958337344791	0.279401598897675	"PB.14718"
-1.1087892692401	2.38171927390085	12.7317168998133	0.00673642002810272	0.280319589139905	"PB.24353"
-0.678383771581147	5.56189660263766	12.708091523961	0.0067700338277548	0.280682615719084	"PB.6846"
1.48619697761577	0.938617382950083	12.6168583351991	0.00690181346285449	0.283866554423559	"PB.10386"
0.701927649281882	4.59536129286033	12.6035695571939	0.00692127339319638	0.283866554423559	"PB.23938"
-0.769853838146016	3.83415786883383	12.602838047781	0.00692234658743271	0.283866554423559	"PB.25262"
-1.01013194883722	3.92546888510801	12.5726849424198	0.00696676474418003	0.284652920362747	"PB.22973"
-1.06812322587596	3.95485500982324	12.5426771650081	0.0070113213109511	0.285439243406482	"PB.20407"
-1.01864209527012	8.69630385229444	12.4664824342121	0.00712606079717593	0.289066861905586	"PB.12353"
2.00395727236041	1.39816176256785	12.4344216537133	0.00717503788226882	0.2895546352299	"PB.42"
1.87792672147638	1.96056731275389	12.4250466592196	0.00718943849112103	0.2895546352299	"PB.9609"
1.11232500700723	3.21337967235352	12.3706643809659	0.00727368618282872	0.291905192468895	"PB.7060"
1.26394578532304	3.54597124440829	12.3114615330464	0.00736680273356944	0.294593739100931	"PB.4060"
-1.89336225709454	8.28118664786044	12.1201399397631	0.00767803883033499	0.305954925405257	"PB.62"
0.81093793939973	6.63302191234639	12.0843740851966	0.00773802465740856	0.307259521343649	"PB.17671"
-0.561184665091308	8.39567918295756	12.0255858401412	0.0078378957647403	0.310133159785882	"PB.9160"
1.03265985557652	3.73180620119695	11.9903763130301	0.00789847910774072	0.311437583559413	"PB.19072"
0.698756059116984	4.97043664043208	11.9525565181441	0.00796420432965796	0.312934955489731	"PB.21745"
0.456818257395583	6.01929247640253	11.9313666549134	0.00800132672828118	0.31330194970426	"PB.16283"
-0.58035636598745	7.91574093726205	11.906089417243	0.00804589185232716	0.313384689612334	"PB.9365"
0.794968267922776	5.27809860938061	11.898676794126	0.00805901924160476	0.313384689612334	"PB.23833"
-1.25478088498972	8.7059700180533	11.8444173412797	0.00815592616580329	0.315291006672302	"PB.16292"
-0.477793644528236	5.86071926625821	11.833637797621	0.00817535068930502	0.315291006672302	"PB.16048"
0.555643245692657	8.30542522510552	11.8175987011368	0.00820435950987808	0.315291006672302	"PB.23079"
1.62604695627657	3.79952391017754	11.8090478151711	0.00821987726892408	0.315291006672302	"PB.22153"
0.979504343538175	4.25243673540584	11.7076306321819	0.00840674035704145	0.32071258613085	"PB.11207"
-0.692184250757349	4.15662523716572	11.7015554235209	0.00841810104591041	0.32071258613085	"PB.13235"
0.668262418769284	5.98522569720064	11.5879803364666	0.0086340486414324	0.327832210536812	"PB.9325"
0.841526887953871	4.22607129402868	11.5126359388308	0.00878111787367398	0.332297537790005	"PB.12864"
1.67854395824978	0.737535668510411	11.4867643227525	0.00883233648668404	0.333117921606475	"PB.10422"
-0.896330491855132	6.42854367435458	11.4616101995563	0.00888249171936104	0.333892863730782	"PB.15795"
1.07407443372094	2.86577446070283	11.4161089922186	0.0089741214318406	0.33420433806055	"PB.20244"
-0.751515669248379	3.71987686147727	11.4158591065783	0.00897462788884167	0.33420433806055	"PB.27432"
-0.385470607887496	9.24540436599892	11.4084121829152	0.00898973732422238	0.33420433806055	"PB.23222"
1.70570896905029	2.05517054553532	11.3987829585231	0.00900932151905712	0.33420433806055	"PB.9181"
-0.634684402170117	4.18646585194673	11.3721946137364	0.00906367415523487	0.335118208028143	"PB.21248"
0.572683476484438	4.90427731747719	11.3017978087287	0.00920956535263758	0.338756478059642	"PB.16975"
0.736367001631722	4.41588244401286	11.2957882086159	0.0092221547188357	0.338756478059642	"PB.14613"
-1.00856839946163	3.96244636840672	11.270822597447	0.00927468455077689	0.339579927529581	"PB.19536"
0.801639045898516	4.81881379457683	11.2420805149665	0.00933562260082102	0.339712920108995	"PB.19298"
1.79647975866332	1.10222898978528	11.2339494821092	0.0093529521584432	0.339712920108995	"PB.5344"
1.6688686386412	0.958530998744512	11.2265814772914	0.00936869009079521	0.339712920108995	"PB.1228"
1.09109832939835	2.47140960628561	11.1852582263998	0.00945756953828677	0.341836575907884	"PB.13627"
-0.611205778002229	5.90442728064797	11.1661549138786	0.00949901239772386	0.342237580859847	"PB.5148"
-0.539764004733928	6.4089062740398	11.1102688952626	0.00962155725482733	0.345548729817477	"PB.25439"
1.02157906716686	3.35171468553295	11.0819323108102	0.00968444488971852	0.346703127051923	"PB.1997"
-0.609202479882478	7.02019774134831	11.0279276052102	0.00980572190631012	0.348933890281476	"PB.8207"
0.736414324036181	7.48942122044918	11.0266380495968	0.00980864088137163	0.348933890281476	"PB.10262"
-0.532784341709771	4.9064118100305	11.0121435347542	0.00984152451518638	0.349002742005524	"PB.19719"
-1.55399048682501	0.82287168419744	10.9830306046413	0.00990798875422016	0.349942689863283	"PB.16290"
0.8960600222105	7.18702273579122	10.9605302632391	0.00995973992175566	0.349942689863283	"PB.24008"
0.901054676844881	4.8225562810154	10.9599301837494	0.00996112471810887	0.349942689863283	"PB.4023"
1.08778129498472	2.34664619536298	10.8938750700194	0.0101150366077113	0.353983840409654	"PB.22471"
0.827931200203596	5.90740331935426	10.8837303908795	0.0101389359273138	0.353983840409654	"PB.13174"
-1.26975022884519	3.7148413723654	10.8391476549453	0.0102448036598644	0.356229435243077	"PB.13153"
1.1901884909841	1.95001420775919	10.830109689191	0.0102664331341669	0.356229435243077	"PB.16998"
1.0303287458115	4.03121229455652	10.8106841895569	0.0103131146940721	0.356751516579911	"PB.25169"
-0.448999882423555	7.86899881763803	10.7642411741053	0.0104257986045054	0.358957688310855	"PB.13874"
0.808370165828693	3.15306044350203	10.7568391545955	0.0104438994385157	0.358957688310855	"PB.7976"
0.943011326979005	2.73186243677793	10.7410284520943	0.0104826940966722	0.358957688310855	"PB.17472"
-1.70526747860833	0.836389634744787	10.7217130622675	0.0105303321390737	0.358957688310855	"PB.19084"
1.14555376837052	2.92003777574698	10.7055787048356	0.0105703316063447	0.358957688310855	"PB.4972"
-0.859261111068357	5.85571655245818	10.6969460956875	0.010591810862543	0.358957688310855	"PB.13574"
0.838449640432232	4.66866919594538	10.6937775725995	0.0105997082741434	0.358957688310855	"PB.270"
-0.925048346474153	7.9365025485994	10.6741640968669	0.0106487576429846	0.359349248081308	"PB.8455"
-0.666552569588958	5.05581479088155	10.6637158546098	0.010675002049059	0.359349248081308	"PB.2114"
1.49419559832036	2.6564093653275	10.632457900146	0.010753999945609	0.360931123174501	"PB.537"
-0.549682117955743	4.92652019176017	10.6172915577292	0.0107925920991484	0.361151516623431	"PB.22195"
-0.675807965394479	5.63168004879393	10.6013779526357	0.010833271427385	0.361216934778826	"PB.9003"
1.12729554131081	1.69299056735999	10.5915033195525	0.0108586096382036	0.361216934778826	"PB.10878"
-0.603974384355943	4.65819823629612	10.5578920717162	0.0109454110717531	0.363033531341645	"PB.4899"
0.400486495953817	7.29801222139643	10.5210140345146	0.0110416460798357	0.365151445285358	"PB.5519"
1.79437846902728	4.45630335073559	10.5062701948801	0.0110804157216481	0.365362128926976	"PB.11727"
1.14341249013105	8.05016535582593	10.460266090108	0.0112024811337799	0.368310145031008	"PB.13192"
0.709278921881943	7.43323958695196	10.4427506496169	0.0112493960446371	0.368777439521433	"PB.18410"
0.74856293369679	5.46377238236878	10.421094525071	0.0113077407550918	0.369564812476432	"PB.13931"
1.72184820198071	1.39184965249654	10.4095646928561	0.0113389576232017	0.369564812476432	"PB.8224"
-1.16135946085763	4.68537238393619	10.3971701455922	0.0113726355727403	0.369594269031104	"PB.4530"
-0.565340674173497	6.41953623565046	10.3613645272234	0.0114706278053412	0.370397018442666	"PB.24219"
0.43505980710577	6.08628805063652	10.3465808898972	0.0115113942380517	0.370397018442666	"PB.20706"
0.729928700866371	7.01281571135528	10.3407064339044	0.0115276433921089	0.370397018442666	"PB.14754"
0.637933972389344	3.97293088313075	10.3403182826213	0.0115287180520862	0.370397018442666	"PB.7979"
-0.95666303248284	3.82314258969112	10.3155750804245	0.0115974820688527	0.371547742302421	"PB.11786"
0.924149915430424	2.19991240789451	10.3014027788696	0.0116370987169261	0.37176079952061	"PB.9645"
0.826771909429662	3.66789232279236	10.2542102559861	0.0117702405403788	0.374951984671899	"PB.23417"
-0.358050441493052	8.04412493711414	10.2385364477014	0.0118148798556322	0.375313803188633	"PB.594"
1.12204322025526	4.51880402603927	10.1805024520925	0.0119820101721227	0.379471192871739	"PB.8852"
0.758137781732776	4.32060308174071	10.1698337775917	0.0120130545229414	0.379471192871739	"PB.10679"
-0.523989682834256	5.72989145888437	10.1142982329714	0.0121762845172519	0.383552962293436	"PB.7051"
1.63615285111056	1.01391524704462	10.0848195376875	0.0122640518244475	0.385241538786336	"PB.17670"
-2.23934066597446	1.72171605697688	10.0591268372612	0.0123411911584725	0.38658781303915	"PB.11815"
2.15327246886156	0.694279878903819	10.0300308665668	0.0124292802734143	0.388268680452336	"PB.23221"
-1.11117111903638	6.91235428601596	9.97980022841737	0.0125832083337363	0.388942113079691	"PB.14347"
1.70128809105351	0.511322888165924	9.97747544313339	0.0125903898529827	0.388942113079691	"PB.1108"
-0.835047802129314	5.05745231141549	9.97550057662565	0.0125964944493636	0.388942113079691	"PB.12053"
-0.983062796590787	3.63690410748773	9.97047897683764	0.0126120335679544	0.388942113079691	"PB.1392"
-0.888510673805549	2.94046202274531	9.96684697908999	0.0126232875221395	0.388942113079691	"PB.7651"
1.30412982405423	0.76758948478779	9.95004307711845	0.0126755186619807	0.389487258722498	"PB.14208"
-0.879295376803992	3.60919651272348	9.91785697580006	0.012776316504795	0.391517720718948	"PB.11178"
1.28724270046687	1.11121574508386	9.81660617595873	0.01309999241379	0.399193939578688	"PB.11444"
1.30001233439996	1.1827207934089	9.81193199087838	0.0131151802553945	0.399193939578688	"PB.16217"
1.49012703459845	0.915519831849363	9.80645340432803	0.0131330098061269	0.399193939578688	"PB.13792"
-0.540593782232922	5.11629609941772	9.77745321806282	0.0132278933784162	0.400807920275002	"PB.16478"
-0.724310322378841	4.19011409466264	9.76855077878328	0.0132571920069678	0.400807920275002	"PB.14518"
0.906617433671093	2.66837419392506	9.7320262854901	0.0133782476018828	0.403276541474042	"PB.437"
2.09338173585271	4.9500571238722	9.71574682287221	0.0134326478197435	0.403276541474042	"PB.17479"
-0.814379747018293	5.74934568237112	9.71172569531621	0.0134461274802021	0.403276541474042	"PB.10817"
-0.71191816931524	6.68623435402359	9.63679543737887	0.0137004241820419	0.409382299557939	"PB.17749"
0.698092865398521	7.5991488921179	9.61650991988909	0.0137702984176026	0.409382299557939	"PB.13239"
-0.394824661197457	7.11439468981738	9.61410852548967	0.0137785995117694	0.409382299557939	"PB.12365"
-0.900416604811925	2.51904576111513	9.59903460463609	0.013830849581841	0.409382299557939	"PB.4604"
0.499274272695642	9.49335166848594	9.59892829567392	0.0138312189528753	0.409382299557939	"PB.3425"
0.869660808987187	5.72931723167645	9.57143357012598	0.0139271641182662	0.410491858579608	"PB.16151"
0.836633925044618	3.87081463849287	9.5608756111729	0.0139642275564854	0.410491858579608	"PB.10526"
0.83868571216972	4.42475992537823	9.55698727466513	0.0139779084592152	0.410491858579608	"PB.7736"
0.778859048341255	6.56597183998093	9.53362717551068	0.0140604526648001	0.411843440781691	"PB.23416"
0.848571574825323	4.62548702155101	9.49811576589327	0.0141871026690507	0.413593124308211	"PB.21074"
-0.384513619527052	10.4177078130428	9.49632165666676	0.0141935389826441	0.413593124308211	"PB.25158"
0.468754727572949	6.38727616210617	9.48147843696437	0.0142469285977993	0.414078901539646	"PB.17823"
0.796266361201263	4.29663062434882	9.45561005234541	0.0143405749440077	0.414748225985554	"PB.8744"
0.421812381860937	6.60744520408622	9.45480157789418	0.0143435140670716	0.414748225985554	"PB.22337"
0.435358158064367	7.2947732319617	9.41504714254754	0.0144889689185796	0.417224357489214	"PB.2975"
-1.02399691505706	2.34012506824727	9.41119974203247	0.014503143401239	0.417224357489214	"PB.22559"
0.462570056414833	5.81676651457931	9.37668892854282	0.0146310641063729	0.419833358594319	"PB.11557"
-0.372531736815038	6.81098542995463	9.33088510191441	0.0148030269007869	0.423689681117192	"PB.7835"
-0.832015458389178	4.94907964176832	9.23826660241849	0.0151585238061394	0.43276626066287	"PB.27439"
-1.77486985522383	2.20926276220827	9.21848398368531	0.0152358316273541	0.433874932478971	"PB.11930"
-0.382449869346201	7.69648034540196	9.18652446763899	0.0153617678489258	0.436359335094047	"PB.13493"
0.527776430204215	4.46028226592498	9.17275348366496	0.0154164327667115	0.43681183997539	"PB.8105"
-1.13525946907527	5.17885696852638	9.15439195203672	0.0154896984991605	0.437308712397777	"PB.6984"
0.458940992413573	6.63522675628766	9.14854573594423	0.01551311711731	0.437308712397777	"PB.19827"
-1.46414335349563	2.98478156949427	9.13928467525814	0.0155503053712431	0.437308712397777	"PB.590"
-0.98503809792986	1.75672511502116	9.09938976471023	0.0157117835709758	0.440750704800732	"PB.12693"
-1.43866731448989	1.98612134030117	9.05768815988032	0.0158828186772886	0.442161243691682	"PB.781"
0.664870655832779	8.36579874006963	9.04985632727008	0.0159151990245991	0.442161243691682	"PB.8692"
0.808053790340766	3.02210716860747	9.04897303495277	0.01591885612566	0.442161243691682	"PB.25737"
1.66866156144753	0.817909271662215	9.04896180490542	0.0159189026282542	0.442161243691682	"PB.16964"
-0.448960012935198	5.23471830253725	9.01683449644687	0.0160526361090267	0.44478028845576	"PB.25083"
-0.757188080322182	5.8335538992785	8.9684544822588	0.0162566813296283	0.448505966517353	"PB.2416"
1.02535653563539	1.58393211992745	8.96611181183382	0.0162666436379886	0.448505966517353	"PB.16639"
1.23407783384059	3.00908955070535	8.91872613443793	0.0164697999509427	0.452083203425195	"PB.25810"
0.689719509768624	7.03973447448758	8.91716133005141	0.0164765626148581	0.452083203425195	"PB.17529"
-0.426998121010611	11.2405338555649	8.89798102705547	0.0165597371731281	0.453091051962693	"PB.9137"
-1.09646715591348	4.79521892680977	8.89019485213442	0.0165936511891986	0.453091051962693	"PB.13542"
1.32387453395658	0.846439617326774	8.8305353220403	0.0168564084557223	0.458642578220659	"PB.23555"
0.560136843171115	4.86436705224724	8.82561566627112	0.0168783071704863	0.458642578220659	"PB.1617"
-0.585053996092972	4.26027689694355	8.7979862401476	0.0170019555898496	0.460053333496597	"PB.856"
0.904591333914546	4.43467002464721	8.79509477879417	0.0170149608912624	0.460053333496597	"PB.9238"
-0.985122450216854	2.21307332136946	8.78255683892546	0.0170714983910283	0.460053333496597	"PB.21338"
-0.406195884031445	7.7655995681893	8.77771232938635	0.0170934066449476	0.460053333496597	"PB.7955"
-0.427853613951715	6.04715249624033	8.74980131216445	0.0172203146085862	0.461257024654787	"PB.19661"
0.698321955009579	5.03256037161152	8.74856585533188	0.0172259592359353	0.461257024654787	"PB.24440"
-0.476267203462748	6.07103961622528	8.74094314523985	0.0172608374926239	0.461257024654787	"PB.24690"
-0.467251980597071	4.6875101946233	8.73131683877946	0.0173050094976371	0.461344189373176	"PB.21135"
-0.565354131685755	6.03544038573235	8.70538215361853	0.017424720095559	0.463440020088725	"PB.12773"
-0.793584285643276	5.3133449173829	8.6810895064346	0.0175377911193868	0.465214649798723	"PB.1343"
-0.677186950513583	4.10203062312341	8.66968941782919	0.0175911692582737	0.465214649798723	"PB.21353"
-0.371822768955416	6.9429342215982	8.66021290892002	0.0176356952778735	0.465214649798723	"PB.3310"
-1.39965641321055	1.11192201188275	8.65580430306608	0.0176564574012462	0.465214649798723	"PB.19806"
-1.41107117947337	0.948866579217657	8.63483324983857	0.0177556388092814	0.466737386602018	"PB.22557"
-0.608975377380301	4.75322565430038	8.59897470886091	0.0179268480765087	0.469529457705664	"PB.13331"
-1.68799264737764	1.01438236027843	8.59517163089101	0.0179451269194946	0.469529457705664	"PB.5635"
-0.454276802392544	4.74850749421538	8.58542965536157	0.0179920564084421	0.469667639162041	"PB.19592"
1.08688381729935	3.21606238258097	8.57638683991244	0.0180357551961334	0.469721042371355	"PB.23541"
-1.28381893068067	0.965567424460047	8.56052134369544	0.0181127450919429	0.470351486232542	"PB.10221"
-0.481303532320913	8.57755985786224	8.554231749799	0.0181433800222715	0.470351486232542	"PB.5123"
1.77649933688471	0.606280502292766	8.51498812836462	0.0183359947856917	0.473717619144065	"PB.23080"
-0.929750358850843	2.10559277819981	8.50805109543164	0.0183703083362089	0.473717619144065	"PB.807"
1.59179973065287	1.53688188925601	8.50221310117107	0.0183992477773433	0.473717619144065	"PB.8909"
-1.01779803429882	3.12680888963688	8.4813062757694	0.0185033532441991	0.474054148979696	"PB.12576"
-0.477634841995374	5.135026136319	8.47785833670527	0.0185205928981534	0.474054148979696	"PB.16737"
0.871664748382371	3.00379860831536	8.46670798120655	0.0185764821578304	0.474054148979696	"PB.13672"
0.984471545399519	3.00848024621072	8.46591444271675	0.018580467664186	0.474054148979696	"PB.24330"
0.667116171751892	6.08324616413647	8.45009002201582	0.0186601686347917	0.474558224781978	"PB.15862"
0.92494000654622	2.52197053815907	8.44529791326282	0.0186843887384232	0.474558224781978	"PB.20319"
-0.450421299226285	5.14056598616694	8.43535736193556	0.018734755339968	0.474768170716448	"PB.5027"
-0.379342647414612	6.46945785059436	8.41946746087837	0.0188156189808226	0.475438737689388	"PB.21180"
-0.459925403962947	5.87089341193547	8.41361020413337	0.0188455365564562	0.475438737689388	"PB.20325"
-0.780816052045502	3.1657229305521	8.36754632210718	0.0190829056816565	0.480352516455447	"PB.5604"
-0.55178612018457	4.05578903086258	8.34179893977464	0.0192172120714408	0.482362177281852	"PB.3376"
-0.73681328935944	3.52942259130895	8.32894504093974	0.0192847042746115	0.482362177281852	"PB.2089"
-0.473871473895823	8.33768638680657	8.32705819707991	0.0192946364888589	0.482362177281852	"PB.2032"
1.86067211224146	4.21433489719742	8.31962262199384	0.0193338391532675	0.482362177281852	"PB.9060"
1.10889028547719	2.77943011171692	8.29440840987223	0.0194675199354777	0.483061709795241	"PB.15447"
0.652878836356459	4.42159591704979	8.28921739679302	0.0194951849745782	0.483061709795241	"PB.26503"
0.952910973148227	2.69128001091401	8.28362678975278	0.0195250346148486	0.483061709795241	"PB.12467"
0.724215186957645	2.93875722006246	8.28209530318943	0.0195332215719278	0.483061709795241	"PB.13119"
-1.21549996522074	1.08472478102466	8.2641179979141	0.0196296455779765	0.484384055104684	"PB.22353"
1.3963164321445	2.71468205950797	8.24372897725851	0.0197397266244889	0.485029331349146	"PB.6393"
-1.29243480865814	4.1772493436654	8.24334329611119	0.0197418163597817	0.485029331349146	"PB.11638"
-0.815141000871134	3.45184893054077	8.22718911482553	0.0198295935254528	0.486126796057675	"PB.8756"
-0.412079421606012	5.25272355780257	8.18602740575234	0.0200554706576033	0.489718629246008	"PB.8111"
-1.25809886032728	4.54350073809489	8.17816059204814	0.0200990058381686	0.489718629246008	"PB.1935"
0.38201169016885	6.75119187763046	8.17226699807727	0.0201316986230555	0.489718629246008	"PB.904"
0.412917472409531	6.14898818405221	8.16900658989845	0.0201498132455571	0.489718629246008	"PB.16247"
-0.453797581994332	5.98601677802937	8.14555429981954	0.0202807152049084	0.490829740707731	"PB.245"
0.734439016707355	4.831477717403	8.14473125005077	0.0202853284518157	0.490829740707731	"PB.12437"
-0.40443125930639	6.11650006187335	8.13577793479658	0.0203355972564482	0.490829740707731	"PB.16074"
-0.359887642346879	6.29242365290325	8.12973208629823	0.0203696301011987	0.490829740707731	"PB.15351"
0.426435858152608	9.00200714827039	8.08432832315264	0.0206275035187898	0.495203085296133	"PB.17550"
0.985311636052477	3.02789361821444	8.0794064726234	0.0206557021886577	0.495203085296133	"PB.1079"
-0.620901828257706	3.49144522730812	8.07213375366553	0.0206974579764355	0.495203085296133	"PB.11067"
0.522919606720038	4.15353866226117	8.063143835392	0.0207492189807624	0.495203085296133	"PB.1358"
-0.522689030043279	7.34767308575609	8.05942313034083	0.0207706889549588	0.495203085296133	"PB.4295"
0.795399815742405	4.56013846738455	8.05028918044947	0.0208235135177432	0.495415109577194	"PB.10838"
-0.963668016575314	3.80479163680492	8.02445620681024	0.0209738264418247	0.497940717440962	"PB.5818"
0.921125192596985	4.75143045270078	8.01309015245895	0.0210403914051999	0.498471625790839	"PB.14927"
0.437058343792819	5.73567945445087	7.99632585966878	0.0211390541557215	0.49975914824753	"PB.1638"
0.599680339146544	5.67451379332758	7.98181952277298	0.0212248957287426	0.50043624110387	"PB.25378"
0.613680559634109	6.38451916297315	7.97650602252205	0.0212564475914475	0.50043624110387	"PB.15426"
-0.757180221239107	4.42297616537399	7.952805194022	0.0213979012551915	0.502369525859556	"PB.25287"
-0.408557488933589	6.48639071884802	7.94784371756624	0.0214276617840247	0.502369525859556	"PB.18386"
-0.738125051202258	3.23720694541563	7.9267164732032	0.0215549711532724	0.504305829243678	"PB.10134"
-0.448774250928778	5.35151482577387	7.90765040926936	0.0216706736601536	0.504685585497705	"PB.14381"
-1.21609743244833	2.29910491429067	7.90436814537782	0.0216906704415966	0.504685585497705	"PB.3575"
0.705403676044209	2.94847678365974	7.90194249688652	0.0217054632407899	0.504685585497705	"PB.11915"
-0.394164679605222	6.4572248299379	7.89160119840854	0.021768671402937	0.505113801257039	"PB.11283"
-1.61088049481362	0.922411659994049	7.86889973406177	0.021908237347338	0.506852190765984	"PB.3399"
0.672093322565357	5.11792944341291	7.86481293371151	0.0219334813420059	0.506852190765984	"PB.10616"
0.484460906962602	6.32254542973648	7.79915673088372	0.0223440727590058	0.515284475466888	"PB.21355"
0.334359787107257	7.01279613310243	7.76621541233314	0.0225537010670217	0.518818892954531	"PB.13943"
-0.928405366253208	2.74773465584861	7.76065193921617	0.0225893479152855	0.518818892954531	"PB.5047"
-0.490655681676106	4.9430451151328	7.75216829397769	0.0226438410735063	0.519013406068964	"PB.22274"
-0.433769623672305	5.30114998134523	7.72436449824071	0.0228235910975931	0.521324655560952	"PB.1439"
0.433172530916471	6.18144093289331	7.72000832365001	0.0228519151754889	0.521324655560952	"PB.1952"
-0.436988809577677	5.38392559699616	7.70903040494103	0.0229234896231407	0.521324655560952	"PB.12127"
1.9936031943586	0.9879435107211	7.70809614888882	0.0229295937889716	0.521324655560952	"PB.5466"
-0.917607392776192	4.40688645582247	7.69875237285389	0.0229907554892839	0.521663480186427	"PB.15625"
0.398335864963593	7.3347397393157	7.68987688875714	0.0230490411587281	0.521935817564211	"PB.15686"
1.00205565946899	2.29280475630069	7.67679926652272	0.0231352600023922	0.522838330755466	"PB.15500"
-0.827575149714688	2.20680573605474	7.6653931970335	0.0232107884771198	0.523496123312959	"PB.24136"
